type, prep, exec, finish
move-cursor, 0.2, 0.215812915316158, 0.265812915316158
click-mouse, 0.15, 0.01, 0.1
move-cursor, 0.2, 0.288137302021017, 0.338137302021017
click-mouse, 0.15, 0.01, 0.1
move-cursor, 0.2, 0.176718735941935, 0.226718735941935
click-mouse, 0.15, 0.01, 0.1
move-cursor, 0.2, 0.225935914022732, 0.275935914022732
click-mouse, 0.15, 0.01, 0.1
move-cursor, 0.2, 0.111695845150385, 0.161695845150385
click-mouse, 0.15, 0.01, 0.1
move-cursor, 0.2, 0.233772694988645, 0.283772694988645
click-mouse, 0.15, 0.01, 0.1
move-cursor, 0.2, 0.237879403147867, 0.287879403147867
click-mouse, 0.15, 0.01, 0.1
move-cursor, 0.2, 0.329262101194544, 0.379262101194544
click-mouse, 0.15, 0.01, 0.1
move-cursor, 0.2, 0.35618374348387, 0.40618374348387
click-mouse, 0.15, 0.01, 0.1
move-cursor, 0.2, 0.328847925297816, 0.378847925297816
click-mouse, 0.15, 0.01, 0.1
move-cursor, 0.2, 0.275930212193177, 0.325930212193177
click-mouse, 0.15, 0.01, 0.1
move-cursor, 0.2, 0.30921310185877, 0.35921310185877
click-mouse, 0.15, 0.01, 0.1
move-cursor, 0.2, 0.343353077081396, 0.393353077081396
click-mouse, 0.15, 0.01, 0.1
move-cursor, 0.2, 0.300254855224368, 0.350254855224368
click-mouse, 0.15, 0.01, 0.1
move-cursor, 0.2, 0.157612225386535, 0.207612225386535
click-mouse, 0.15, 0.01, 0.1
move-cursor, 0.2, 0.210892714203489, 0.260892714203489
click-mouse, 0.15, 0.01, 0.1
move-cursor, 0.2, 0.126830358222046, 0.176830358222046
click-mouse, 0.15, 0.01, 0.1
move-cursor, 0.2, 0.33049873199756, 0.38049873199756
click-mouse, 0.15, 0.01, 0.1
move-cursor, 0.2, 0.193767963818156, 0.243767963818156
click-mouse, 0.15, 0.01, 0.1
move-cursor, 0.2, 0.208854436269913, 0.258854436269913
click-mouse, 0.15, 0.01, 0.1
move-cursor, 0.2, 0.277300244474137, 0.327300244474137
click-mouse, 0.15, 0.01, 0.1
move-cursor, 0.2, 0.0802215577501334, 0.130221557750133
click-mouse, 0.15, 0.01, 0.1
move-cursor, 0.2, 0.193497688711194, 0.243497688711194
click-mouse, 0.15, 0.01, 0.1
move-cursor, 0.2, 0.147887854792365, 0.197887854792365
click-mouse, 0.15, 0.01, 0.1
move-cursor, 0.2, 0.177520114372115, 0.227520114372115
click-mouse, 0.15, 0.01, 0.1
move-cursor, 0.2, 0.328665417227878, 0.378665417227878
click-mouse, 0.15, 0.01, 0.1
move-cursor, 0.2, 0.222644440340406, 0.272644440340406
click-mouse, 0.15, 0.01, 0.1
move-cursor, 0.2, 0.399438665747735, 0.449438665747735
click-mouse, 0.15, 0.01, 0.1
move-cursor, 0.2, 0.200270123207381, 0.250270123207381
click-mouse, 0.15, 0.01, 0.1
move-cursor, 0.2, 0.331633236774898, 0.381633236774898
click-mouse, 0.15, 0.01, 0.1
move-cursor, 0.2, 0.315048130103584, 0.365048130103584
click-mouse, 0.15, 0.01, 0.1
move-cursor, 0.2, 0.335330032524822, 0.385330032524822
click-mouse, 0.15, 0.01, 0.1
move-cursor, 0.2, 0.128675605120638, 0.178675605120638
click-mouse, 0.15, 0.01, 0.1
move-cursor, 0.2, 0.271807758874697, 0.321807758874697
click-mouse, 0.15, 0.01, 0.1
move-cursor, 0.2, 0.314635313200008, 0.364635313200008
click-mouse, 0.15, 0.01, 0.1
move-cursor, 0.2, 0.123448623899674, 0.173448623899674
click-mouse, 0.15, 0.01, 0.1
move-cursor, 0.2, 0.294538599448171, 0.344538599448171
click-mouse, 0.15, 0.01, 0.1
move-cursor, 0.2, 0.410111559612754, 0.460111559612754
click-mouse, 0.15, 0.01, 0.1
move-cursor, 0.2, 0.256043142357647, 0.306043142357647
click-mouse, 0.15, 0.01, 0.1
move-cursor, 0.2, 0.370097972158609, 0.420097972158609
click-mouse, 0.15, 0.01, 0.1
move-cursor, 0.2, 0.20760503709202, 0.25760503709202
click-mouse, 0.15, 0.01, 0.1
move-cursor, 0.2, 0.232978053533658, 0.282978053533658
click-mouse, 0.15, 0.01, 0.1
move-cursor, 0.2, 0.292188886854825, 0.342188886854825
click-mouse, 0.15, 0.01, 0.1
move-cursor, 0.2, 0.333008421568469, 0.383008421568469
click-mouse, 0.15, 0.01, 0.1
move-cursor, 0.2, 0.337261735238668, 0.387261735238668
click-mouse, 0.15, 0.01, 0.1
move-cursor, 0.2, 0.444391333055899, 0.494391333055899
click-mouse, 0.15, 0.01, 0.1
move-cursor, 0.2, 0.105581661238191, 0.155581661238191
click-mouse, 0.15, 0.01, 0.1
move-cursor, 0.2, 0.205561958391644, 0.255561958391644
click-mouse, 0.15, 0.01, 0.1
move-cursor, 0.2, 0.270709418621933, 0.320709418621933
click-mouse, 0.15, 0.01, 0.1
move-cursor, 0.2, 0.191667929794188, 0.241667929794188
click-mouse, 0.15, 0.01, 0.1
move-cursor, 0.2, 0.30887690797968, 0.35887690797968
click-mouse, 0.15, 0.01, 0.1
move-cursor, 0.2, 0.305470531916201, 0.355470531916201
click-mouse, 0.15, 0.01, 0.1
move-cursor, 0.2, 0.23524807033061, 0.28524807033061
click-mouse, 0.15, 0.01, 0.1
move-cursor, 0.2, 0.249027035448641, 0.299027035448641
click-mouse, 0.15, 0.01, 0.1
move-cursor, 0.2, 0.426156146613148, 0.476156146613148
click-mouse, 0.15, 0.01, 0.1
move-cursor, 0.2, 0.17365845807506, 0.22365845807506
click-mouse, 0.15, 0.01, 0.1
move-cursor, 0.2, 0.256281989099116, 0.306281989099116
click-mouse, 0.15, 0.01, 0.1
move-cursor, 0.2, 0.217085463761684, 0.267085463761684
click-mouse, 0.15, 0.01, 0.1
move-cursor, 0.2, 0.27139095397664, 0.32139095397664
click-mouse, 0.15, 0.01, 0.1
move-cursor, 0.2, 0.229037582295229, 0.279037582295229
click-mouse, 0.15, 0.01, 0.1
move-cursor, 0.2, 0.289744043399533, 0.339744043399533
click-mouse, 0.15, 0.01, 0.1
move-cursor, 0.2, 0.141908504183494, 0.191908504183494
click-mouse, 0.15, 0.01, 0.1
move-cursor, 0.2, 0.222580222347398, 0.272580222347398
click-mouse, 0.15, 0.01, 0.1
move-cursor, 0.2, 0.272665425209974, 0.322665425209974
click-mouse, 0.15, 0.01, 0.1
move-cursor, 0.2, 0.235540045187368, 0.285540045187368
click-mouse, 0.15, 0.01, 0.1
move-cursor, 0.2, 0.2095512590948, 0.2595512590948
click-mouse, 0.15, 0.01, 0.1
move-cursor, 0.2, 0.269977256051507, 0.319977256051507
click-mouse, 0.15, 0.01, 0.1
move-cursor, 0.2, 0.251919142848453, 0.301919142848453
click-mouse, 0.15, 0.01, 0.1
move-cursor, 0.2, 0.350375512745701, 0.400375512745701
click-mouse, 0.15, 0.01, 0.1
move-cursor, 0.2, 0.110479020730519, 0.160479020730519
click-mouse, 0.15, 0.01, 0.1
move-cursor, 0.2, 0.237754940219749, 0.287754940219749
click-mouse, 0.15, 0.01, 0.1
move-cursor, 0.2, 0.351130913492108, 0.401130913492108
click-mouse, 0.15, 0.01, 0.1
move-cursor, 0.2, 0.132723229143019, 0.182723229143019
click-mouse, 0.15, 0.01, 0.1
move-cursor, 0.2, 0.291793871349362, 0.341793871349362
click-mouse, 0.15, 0.01, 0.1
move-cursor, 0.2, 0.20602160912622, 0.25602160912622
click-mouse, 0.15, 0.01, 0.1
move-cursor, 0.2, 0.285130605753719, 0.335130605753719
click-mouse, 0.15, 0.01, 0.1
move-cursor, 0.2, 0.126931446739431, 0.176931446739431
click-mouse, 0.15, 0.01, 0.1
move-cursor, 0.2, 0.204976511844497, 0.254976511844497
click-mouse, 0.15, 0.01, 0.1
move-cursor, 0.2, 0.161129536250644, 0.211129536250644
click-mouse, 0.15, 0.01, 0.1
move-cursor, 0.2, 0.279673451445673, 0.329673451445673
click-mouse, 0.15, 0.01, 0.1
move-cursor, 0.2, 0.136712732229441, 0.186712732229441
click-mouse, 0.15, 0.01, 0.1
move-cursor, 0.2, 0.335019067192946, 0.385019067192946
click-mouse, 0.15, 0.01, 0.1
move-cursor, 0.2, 0.258066936332246, 0.308066936332246
click-mouse, 0.15, 0.01, 0.1
move-cursor, 0.2, 0.262016540201313, 0.312016540201313
click-mouse, 0.15, 0.01, 0.1
move-cursor, 0.2, 0.10130524129806, 0.15130524129806
click-mouse, 0.15, 0.01, 0.1
move-cursor, 0.2, 0.300964914356207, 0.350964914356207
click-mouse, 0.15, 0.01, 0.1
move-cursor, 0.2, 0.397151398960116, 0.447151398960116
click-mouse, 0.15, 0.01, 0.1
move-cursor, 0.2, 0.299944026519012, 0.349944026519012
click-mouse, 0.15, 0.01, 0.1
move-cursor, 0.2, 0.449462093502967, 0.499462093502967
click-mouse, 0.15, 0.01, 0.1
move-cursor, 0.2, 0.235702092068376, 0.285702092068376
click-mouse, 0.15, 0.01, 0.1
move-cursor, 0.2, 0.113441514523015, 0.163441514523015
click-mouse, 0.15, 0.01, 0.1
move-cursor, 0.2, 0.103575954570815, 0.153575954570815
click-mouse, 0.15, 0.01, 0.1
move-cursor, 0.2, 0.301319643096192, 0.351319643096192
click-mouse, 0.15, 0.01, 0.1
move-cursor, 0.2, 0.236922292697592, 0.286922292697592
click-mouse, 0.15, 0.01, 0.1
move-cursor, 0.2, 0.340936868714856, 0.390936868714856
click-mouse, 0.15, 0.01, 0.1
move-cursor, 0.2, 0.267077202943997, 0.317077202943997
click-mouse, 0.15, 0.01, 0.1
move-cursor, 0.2, 0.312402279449485, 0.362402279449485
click-mouse, 0.15, 0.01, 0.1
move-cursor, 0.2, 0.160633266314511, 0.210633266314511
click-mouse, 0.15, 0.01, 0.1
move-cursor, 0.2, 0.42570041179073, 0.47570041179073
click-mouse, 0.15, 0.01, 0.1
move-cursor, 0.2, 0.171941560410961, 0.221941560410961
click-mouse, 0.15, 0.01, 0.1
move-cursor, 0.2, 0.112908379086297, 0.162908379086297
click-mouse, 0.15, 0.01, 0.1
move-cursor, 0.2, 0.239548698098673, 0.289548698098673
click-mouse, 0.15, 0.01, 0.1
move-cursor, 0.2, 0.249964215447916, 0.299964215447916
click-mouse, 0.15, 0.01, 0.1
move-cursor, 0.2, 0.211304808824253, 0.261304808824253
click-mouse, 0.15, 0.01, 0.1
move-cursor, 0.2, 0.326551716906559, 0.376551716906559
click-mouse, 0.15, 0.01, 0.1
move-cursor, 0.2, 0.273529138929326, 0.323529138929326
click-mouse, 0.15, 0.01, 0.1
move-cursor, 0.2, 0.0962312809717805, 0.146231280971781
click-mouse, 0.15, 0.01, 0.1
move-cursor, 0.2, 0.236954565715324, 0.286954565715324
click-mouse, 0.15, 0.01, 0.1
move-cursor, 0.2, 0.211208528552606, 0.261208528552606
click-mouse, 0.15, 0.01, 0.1
move-cursor, 0.2, 0.0940246955765252, 0.144024695576525
click-mouse, 0.15, 0.01, 0.1
move-cursor, 0.2, 0.168204628987148, 0.218204628987148
click-mouse, 0.15, 0.01, 0.1
move-cursor, 0.2, 0.186282764149869, 0.236282764149869
click-mouse, 0.15, 0.01, 0.1
move-cursor, 0.2, 0.21394721729099, 0.26394721729099
click-mouse, 0.15, 0.01, 0.1
move-cursor, 0.2, 0.246749735877946, 0.296749735877946
click-mouse, 0.15, 0.01, 0.1
move-cursor, 0.2, 0.258757143421511, 0.308757143421511
click-mouse, 0.15, 0.01, 0.1
move-cursor, 0.2, 0.154299677601604, 0.204299677601604
click-mouse, 0.15, 0.01, 0.1
move-cursor, 0.2, 0.213625057909692, 0.263625057909692
click-mouse, 0.15, 0.01, 0.1
move-cursor, 0.2, 0.299990211391482, 0.349990211391482
click-mouse, 0.15, 0.01, 0.1
move-cursor, 0.2, 0.132538431561811, 0.182538431561811
click-mouse, 0.15, 0.01, 0.1
move-cursor, 0.2, 0.209113762390218, 0.259113762390218
click-mouse, 0.15, 0.01, 0.1
move-cursor, 0.2, 0.244685588607773, 0.294685588607773
click-mouse, 0.15, 0.01, 0.1
move-cursor, 0.2, 0.313247628080448, 0.363247628080448
click-mouse, 0.15, 0.01, 0.1
move-cursor, 0.2, 0.23683624750803, 0.28683624750803
click-mouse, 0.15, 0.01, 0.1
move-cursor, 0.2, 0.400447333145303, 0.450447333145303
click-mouse, 0.15, 0.01, 0.1
move-cursor, 0.2, 0.0964585613765029, 0.146458561376503
click-mouse, 0.15, 0.01, 0.1
move-cursor, 0.2, 0.218445590932043, 0.268445590932043
click-mouse, 0.15, 0.01, 0.1
move-cursor, 0.2, 0.43186912171448, 0.48186912171448
click-mouse, 0.15, 0.01, 0.1
move-cursor, 0.2, 0.216169668479336, 0.266169668479336
click-mouse, 0.15, 0.01, 0.1
move-cursor, 0.2, 0.153651925712387, 0.203651925712387
click-mouse, 0.15, 0.01, 0.1
move-cursor, 0.2, 0.0871760145807458, 0.137176014580746
click-mouse, 0.15, 0.01, 0.1
move-cursor, 0.2, 0.150241150431392, 0.200241150431392
click-mouse, 0.15, 0.01, 0.1
move-cursor, 0.2, 0.176103420793426, 0.226103420793426
click-mouse, 0.15, 0.01, 0.1
move-cursor, 0.2, 0.14899335214839, 0.19899335214839
click-mouse, 0.15, 0.01, 0.1
move-cursor, 0.2, 0.231616252059502, 0.281616252059502
click-mouse, 0.15, 0.01, 0.1
move-cursor, 0.2, 0.287959939338255, 0.337959939338255
click-mouse, 0.15, 0.01, 0.1
move-cursor, 0.2, 0.292810957449418, 0.342810957449418
click-mouse, 0.15, 0.01, 0.1
move-cursor, 0.2, 0.193443823422263, 0.243443823422263
click-mouse, 0.15, 0.01, 0.1
move-cursor, 0.2, 0.343919076304801, 0.393919076304801
click-mouse, 0.15, 0.01, 0.1
move-cursor, 0.2, 0.289392556600395, 0.339392556600395
click-mouse, 0.15, 0.01, 0.1
move-cursor, 0.2, 0.140067536275264, 0.190067536275264
click-mouse, 0.15, 0.01, 0.1
move-cursor, 0.2, 0.252801107765602, 0.302801107765602
click-mouse, 0.15, 0.01, 0.1
move-cursor, 0.2, 0.221768976250678, 0.271768976250678
click-mouse, 0.15, 0.01, 0.1
move-cursor, 0.2, 0.168276018219982, 0.218276018219982
click-mouse, 0.15, 0.01, 0.1
move-cursor, 0.2, 0.128488607536914, 0.178488607536914
click-mouse, 0.15, 0.01, 0.1
move-cursor, 0.2, 0.240081770661378, 0.290081770661378
click-mouse, 0.15, 0.01, 0.1
move-cursor, 0.2, 0.0954942061904646, 0.145494206190465
click-mouse, 0.15, 0.01, 0.1
move-cursor, 0.2, 0.310342382941599, 0.360342382941599
click-mouse, 0.15, 0.01, 0.1
move-cursor, 0.2, 0.430311636133374, 0.480311636133374
click-mouse, 0.15, 0.01, 0.1
move-cursor, 0.2, 0.183770728885164, 0.233770728885164
click-mouse, 0.15, 0.01, 0.1
move-cursor, 0.2, 0.382078235286258, 0.432078235286258
click-mouse, 0.15, 0.01, 0.1
move-cursor, 0.2, 0.220430755385157, 0.270430755385157
click-mouse, 0.15, 0.01, 0.1
move-cursor, 0.2, 0.231604581153353, 0.281604581153353
click-mouse, 0.15, 0.01, 0.1
move-cursor, 0.2, 0.0930132576758633, 0.143013257675863
click-mouse, 0.15, 0.01, 0.1
move-cursor, 0.2, 0.169036592599158, 0.219036592599158
click-mouse, 0.15, 0.01, 0.1
move-cursor, 0.2, 0.102711355884071, 0.152711355884071
click-mouse, 0.15, 0.01, 0.1
move-cursor, 0.2, 0.264631694542859, 0.314631694542859
click-mouse, 0.15, 0.01, 0.1
move-cursor, 0.2, 0.125630384720202, 0.175630384720202
move-cursor, 0.2, 0.141895419587286, 0.191895419587286
click-mouse, 0.15, 0.01, 0.1
move-cursor, 0.2, 0.299486013455556, 0.349486013455556
click-mouse, 0.15, 0.01, 0.1
move-cursor, 0.2, 0.122344409790256, 0.172344409790256
click-mouse, 0.15, 0.01, 0.1
move-cursor, 0.2, 0.207663449597495, 0.257663449597495
click-mouse, 0.15, 0.01, 0.1
move-cursor, 0.2, 0.0916967994817042, 0.141696799481704
click-mouse, 0.15, 0.01, 0.1
move-cursor, 0.2, 0.207113587381903, 0.257113587381903
click-mouse, 0.15, 0.01, 0.1
move-cursor, 0.2, 0.364644838639013, 0.414644838639013
click-mouse, 0.15, 0.01, 0.1
move-cursor, 0.2, 0.210122279541806, 0.260122279541806
click-mouse, 0.15, 0.01, 0.1
move-cursor, 0.2, 0.333265291851014, 0.383265291851014
click-mouse, 0.15, 0.01, 0.1
move-cursor, 0.2, 0.141595840605658, 0.191595840605658
click-mouse, 0.15, 0.01, 0.1
move-cursor, 0.2, 0.362166706163128, 0.412166706163128
click-mouse, 0.15, 0.01, 0.1
move-cursor, 0.2, 0.200555549214992, 0.250555549214992
click-mouse, 0.15, 0.01, 0.1
move-cursor, 0.2, 0.232961763941135, 0.282961763941135
click-mouse, 0.15, 0.01, 0.1
move-cursor, 0.2, 0.274514278074099, 0.324514278074099
click-mouse, 0.15, 0.01, 0.1
move-cursor, 0.2, 0.201594662252123, 0.251594662252123
click-mouse, 0.15, 0.01, 0.1
move-cursor, 0.2, 0.244288061214549, 0.294288061214549
click-mouse, 0.15, 0.01, 0.1
move-cursor, 0.2, 0.372456706994081, 0.422456706994081
click-mouse, 0.15, 0.01, 0.1
move-cursor, 0.2, 0.18446897161364, 0.23446897161364
click-mouse, 0.15, 0.01, 0.1
move-cursor, 0.2, 0.297527757471474, 0.347527757471474
click-mouse, 0.15, 0.01, 0.1
move-cursor, 0.2, 0.158275274173828, 0.208275274173828
click-mouse, 0.15, 0.01, 0.1
move-cursor, 0.2, 0.355627255201582, 0.405627255201582
click-mouse, 0.15, 0.01, 0.1
move-cursor, 0.2, 0.267001515174778, 0.317001515174778
click-mouse, 0.15, 0.01, 0.1
move-cursor, 0.2, 0.100100781568847, 0.150100781568847
click-mouse, 0.15, 0.01, 0.1
move-cursor, 0.2, 0.27680458244252, 0.32680458244252
click-mouse, 0.15, 0.01, 0.1
move-cursor, 0.2, 0.233155259733695, 0.283155259733695
click-mouse, 0.15, 0.01, 0.1
move-cursor, 0.2, 0.369138302862791, 0.419138302862791
click-mouse, 0.15, 0.01, 0.1
move-cursor, 0.2, 0.336545467308816, 0.386545467308816
click-mouse, 0.15, 0.01, 0.1
move-cursor, 0.2, 0.24792945238439, 0.29792945238439
click-mouse, 0.15, 0.01, 0.1
move-cursor, 0.2, 0.285972984792267, 0.335972984792267
click-mouse, 0.15, 0.01, 0.1
move-cursor, 0.2, 0.330774041202523, 0.380774041202523
click-mouse, 0.15, 0.01, 0.1
move-cursor, 0.2, 0.307472354998703, 0.357472354998703
click-mouse, 0.15, 0.01, 0.1
move-cursor, 0.2, 0.212443038056765, 0.262443038056765
click-mouse, 0.15, 0.01, 0.1
move-cursor, 0.2, 0.351376858113478, 0.401376858113478
click-mouse, 0.15, 0.01, 0.1
move-cursor, 0.2, 0.217696856758086, 0.267696856758086
click-mouse, 0.15, 0.01, 0.1
move-cursor, 0.2, 0.195145653033985, 0.245145653033985
click-mouse, 0.15, 0.01, 0.1
move-cursor, 0.2, 0.254176606528544, 0.304176606528544
click-mouse, 0.15, 0.01, 0.1
move-cursor, 0.2, 0.298984871197434, 0.348984871197434
click-mouse, 0.15, 0.01, 0.1
move-cursor, 0.2, 0.216554559277428, 0.266554559277428
click-mouse, 0.15, 0.01, 0.1
move-cursor, 0.2, 0.32930703537901, 0.37930703537901
click-mouse, 0.15, 0.01, 0.1
move-cursor, 0.2, 0.377176829774283, 0.427176829774283
click-mouse, 0.15, 0.01, 0.1
move-cursor, 0.2, 0.204757753833177, 0.254757753833177
click-mouse, 0.15, 0.01, 0.1
move-cursor, 0.2, 0.0958410562077334, 0.145841056207733
click-mouse, 0.15, 0.01, 0.1
move-cursor, 0.2, 0.128725827855353, 0.178725827855353
click-mouse, 0.15, 0.01, 0.1
move-cursor, 0.2, 0.0943387470370445, 0.144338747037045
click-mouse, 0.15, 0.01, 0.1
move-cursor, 0.2, 0.190015673762136, 0.240015673762136
click-mouse, 0.15, 0.01, 0.1
move-cursor, 0.2, 0.192862167478857, 0.242862167478857
click-mouse, 0.15, 0.01, 0.1
move-cursor, 0.2, 0.0827897680475362, 0.132789768047536
click-mouse, 0.15, 0.01, 0.1
move-cursor, 0.2, 0.312288449362174, 0.362288449362174
click-mouse, 0.15, 0.01, 0.1
move-cursor, 0.2, 0.36153332541517, 0.41153332541517
click-mouse, 0.15, 0.01, 0.1
move-cursor, 0.2, 0.135269616692098, 0.185269616692098
click-mouse, 0.15, 0.01, 0.1
move-cursor, 0.2, 0.177473721458746, 0.227473721458746
click-mouse, 0.15, 0.01, 0.1
move-cursor, 0.2, 0.134307066857617, 0.184307066857617
click-mouse, 0.15, 0.01, 0.1
move-cursor, 0.2, 0.160709554659037, 0.210709554659037
click-mouse, 0.15, 0.01, 0.1
move-cursor, 0.2, 0.187333122857412, 0.237333122857412
click-mouse, 0.15, 0.01, 0.1
move-cursor, 0.2, 0.250957056486745, 0.300957056486745
click-mouse, 0.15, 0.01, 0.1
move-cursor, 0.2, 0.202703613224824, 0.252703613224824
click-mouse, 0.15, 0.01, 0.1
move-cursor, 0.2, 0.084946792830625, 0.134946792830625
click-mouse, 0.15, 0.01, 0.1
move-cursor, 0.2, 0.208245068637458, 0.258245068637458
click-mouse, 0.15, 0.01, 0.1
move-cursor, 0.2, 0.16319842525047, 0.21319842525047
click-mouse, 0.15, 0.01, 0.1
move-cursor, 0.2, 0.138983568787704, 0.188983568787704
click-mouse, 0.15, 0.01, 0.1
move-cursor, 0.2, 0.313699531743451, 0.363699531743451
click-mouse, 0.15, 0.01, 0.1
move-cursor, 0.2, 0.206613853987839, 0.256613853987839
click-mouse, 0.15, 0.01, 0.1
move-cursor, 0.2, 0.321622520946974, 0.371622520946974
click-mouse, 0.15, 0.01, 0.1
move-cursor, 0.2, 0.24338697312256, 0.29338697312256
click-mouse, 0.15, 0.01, 0.1
move-cursor, 0.2, 0.200191092409905, 0.250191092409905
click-mouse, 0.15, 0.01, 0.1
move-cursor, 0.2, 0.193423734775345, 0.243423734775345
click-mouse, 0.15, 0.01, 0.1
move-cursor, 0.2, 0.118426744724381, 0.168426744724381
click-mouse, 0.15, 0.01, 0.1
move-cursor, 0.2, 0.142009447048233, 0.192009447048233
click-mouse, 0.15, 0.01, 0.1
move-cursor, 0.2, 0.150418854386004, 0.200418854386004
click-mouse, 0.15, 0.01, 0.1
move-cursor, 0.2, 0.230012252198257, 0.280012252198257
click-mouse, 0.15, 0.01, 0.1
move-cursor, 0.2, 0.276141526684157, 0.326141526684157
click-mouse, 0.15, 0.01, 0.1
move-cursor, 0.2, 0.300238562874377, 0.350238562874377
click-mouse, 0.15, 0.01, 0.1
move-cursor, 0.2, 0.339887198549779, 0.389887198549779
click-mouse, 0.15, 0.01, 0.1
move-cursor, 0.2, 0.134278925011941, 0.184278925011941
click-mouse, 0.15, 0.01, 0.1
move-cursor, 0.2, 0.180126109925442, 0.230126109925442
click-mouse, 0.15, 0.01, 0.1
move-cursor, 0.2, 0.301071709998822, 0.351071709998822
click-mouse, 0.15, 0.01, 0.1
move-cursor, 0.2, 0.291408014581938, 0.341408014581938
click-mouse, 0.15, 0.01, 0.1
move-cursor, 0.2, 0.272461423371939, 0.322461423371939
click-mouse, 0.15, 0.01, 0.1
move-cursor, 0.2, 0.198816080743723, 0.248816080743723
click-mouse, 0.15, 0.01, 0.1
move-cursor, 0.2, 0.252363227575295, 0.302363227575295
click-mouse, 0.15, 0.01, 0.1
move-cursor, 0.2, 0.419948145416856, 0.469948145416856
click-mouse, 0.15, 0.01, 0.1
move-cursor, 0.2, 0.242731865155773, 0.292731865155773
click-mouse, 0.15, 0.01, 0.1
move-cursor, 0.2, 0.224181694692501, 0.274181694692501
click-mouse, 0.15, 0.01, 0.1
move-cursor, 0.2, 0.190846225119196, 0.240846225119196
click-mouse, 0.15, 0.01, 0.1
move-cursor, 0.2, 0.255473354735687, 0.305473354735687
click-mouse, 0.15, 0.01, 0.1
move-cursor, 0.2, 0.16974730322973, 0.21974730322973
click-mouse, 0.15, 0.01, 0.1
move-cursor, 0.2, 0.309011859912785, 0.359011859912785
click-mouse, 0.15, 0.01, 0.1
move-cursor, 0.2, 0.259151990467611, 0.309151990467611
click-mouse, 0.15, 0.01, 0.1
move-cursor, 0.2, 0.217970940043739, 0.267970940043739
click-mouse, 0.15, 0.01, 0.1
move-cursor, 0.2, 0.20668857684957, 0.25668857684957
click-mouse, 0.15, 0.01, 0.1
move-cursor, 0.2, 0.236342706144745, 0.286342706144745
click-mouse, 0.15, 0.01, 0.1
move-cursor, 0.2, 0.257076887719132, 0.307076887719132
click-mouse, 0.15, 0.01, 0.1
move-cursor, 0.2, 0.328931175978254, 0.378931175978254
click-mouse, 0.15, 0.01, 0.1
move-cursor, 0.2, 0.125760543274554, 0.175760543274554
click-mouse, 0.15, 0.01, 0.1
move-cursor, 0.2, 0.237549946715745, 0.287549946715745
click-mouse, 0.15, 0.01, 0.1
move-cursor, 0.2, 0.148360164340625, 0.198360164340625
click-mouse, 0.15, 0.01, 0.1
move-cursor, 0.2, 0.238100079257481, 0.288100079257481
click-mouse, 0.15, 0.01, 0.1
move-cursor, 0.2, 0.127436870468423, 0.177436870468423
click-mouse, 0.15, 0.01, 0.1
move-cursor, 0.2, 0.28820647817707, 0.33820647817707
click-mouse, 0.15, 0.01, 0.1
move-cursor, 0.2, 0.207571569456628, 0.257571569456628
click-mouse, 0.15, 0.01, 0.1
move-cursor, 0.2, 0.267663872529219, 0.317663872529219
click-mouse, 0.15, 0.01, 0.1
move-cursor, 0.2, 0.159542243882826, 0.209542243882826
click-mouse, 0.15, 0.01, 0.1
move-cursor, 0.2, 0.386292713164474, 0.436292713164474
click-mouse, 0.15, 0.01, 0.1
move-cursor, 0.2, 0.185807165191958, 0.235807165191958
click-mouse, 0.15, 0.01, 0.1
move-cursor, 0.2, 0.205632050334788, 0.255632050334788
click-mouse, 0.15, 0.01, 0.1
move-cursor, 0.2, 0.262401027006107, 0.312401027006107
click-mouse, 0.15, 0.01, 0.1
move-cursor, 0.2, 0.210230126493238, 0.260230126493238
click-mouse, 0.15, 0.01, 0.1
move-cursor, 0.2, 0.251853174628691, 0.301853174628691
click-mouse, 0.15, 0.01, 0.1
move-cursor, 0.2, 0.269285070475016, 0.319285070475016
click-mouse, 0.15, 0.01, 0.1
move-cursor, 0.2, 0.187572752931532, 0.237572752931532
click-mouse, 0.15, 0.01, 0.1
move-cursor, 0.2, 0.309060448179058, 0.359060448179058
click-mouse, 0.15, 0.01, 0.1
move-cursor, 0.2, 0.168747483965862, 0.218747483965862
click-mouse, 0.15, 0.01, 0.1
move-cursor, 0.2, 0.118370949297424, 0.168370949297424
click-mouse, 0.15, 0.01, 0.1
move-cursor, 0.2, 0.165899933061247, 0.215899933061247
click-mouse, 0.15, 0.01, 0.1
move-cursor, 0.2, 0.270887891224429, 0.320887891224429
click-mouse, 0.15, 0.01, 0.1
move-cursor, 0.2, 0.235762821761161, 0.285762821761161
click-mouse, 0.15, 0.01, 0.1
move-cursor, 0.2, 0.228019959655765, 0.278019959655765
click-mouse, 0.15, 0.01, 0.1
move-cursor, 0.2, 0.179005606958225, 0.229005606958225
click-mouse, 0.15, 0.01, 0.1
move-cursor, 0.2, 0.322176080132937, 0.372176080132937
click-mouse, 0.15, 0.01, 0.1
move-cursor, 0.2, 0.369360606151549, 0.419360606151549
click-mouse, 0.15, 0.01, 0.1
move-cursor, 0.2, 0.232244876002817, 0.282244876002817
click-mouse, 0.15, 0.01, 0.1
move-cursor, 0.2, 0.1673289335556, 0.2173289335556
click-mouse, 0.15, 0.01, 0.1
move-cursor, 0.2, 0.215887603595694, 0.265887603595694
click-mouse, 0.15, 0.01, 0.1
move-cursor, 0.2, 0.292305534265966, 0.342305534265966
click-mouse, 0.15, 0.01, 0.1
move-cursor, 0.2, 0.459747452803719, 0.509747452803719
click-mouse, 0.15, 0.01, 0.1
move-cursor, 0.2, 0.258094484269804, 0.308094484269804
click-mouse, 0.15, 0.01, 0.1
move-cursor, 0.2, 0.0945092358809759, 0.144509235880976
click-mouse, 0.15, 0.01, 0.1
move-cursor, 0.2, 0.221513981684438, 0.271513981684438
click-mouse, 0.15, 0.01, 0.1
move-cursor, 0.2, 0.308517636441078, 0.358517636441078
click-mouse, 0.15, 0.01, 0.1
move-cursor, 0.2, 0.276903977037644, 0.326903977037644
click-mouse, 0.15, 0.01, 0.1
move-cursor, 0.2, 0.153647647513384, 0.203647647513384
click-mouse, 0.15, 0.01, 0.1
move-cursor, 0.2, 0.201065911728321, 0.251065911728321
click-mouse, 0.15, 0.01, 0.1
move-cursor, 0.2, 0.246410149967094, 0.296410149967094
click-mouse, 0.15, 0.01, 0.1
move-cursor, 0.2, 0.379112644197784, 0.429112644197784
click-mouse, 0.15, 0.01, 0.1
move-cursor, 0.2, 0.227901822903775, 0.277901822903775
click-mouse, 0.15, 0.01, 0.1
move-cursor, 0.2, 0.173135714211446, 0.223135714211446
click-mouse, 0.15, 0.01, 0.1
move-cursor, 0.2, 0.250832864832969, 0.300832864832969
click-mouse, 0.15, 0.01, 0.1
move-cursor, 0.2, 0.192507598497646, 0.242507598497646
click-mouse, 0.15, 0.01, 0.1
move-cursor, 0.2, 0.28784041565776, 0.33784041565776
click-mouse, 0.15, 0.01, 0.1
move-cursor, 0.2, 0.17977458197209, 0.22977458197209
click-mouse, 0.15, 0.01, 0.1
move-cursor, 0.2, 0.329381909577025, 0.379381909577025
click-mouse, 0.15, 0.01, 0.1
move-cursor, 0.2, 0.104048641853441, 0.154048641853441
click-mouse, 0.15, 0.01, 0.1
move-cursor, 0.2, 0.0710682897087208, 0.121068289708721
click-mouse, 0.15, 0.01, 0.1
move-cursor, 0.2, 0.269519826397006, 0.319519826397006
click-mouse, 0.15, 0.01, 0.1
move-cursor, 0.2, 0.272071257066218, 0.322071257066218
click-mouse, 0.15, 0.01, 0.1
move-cursor, 0.2, 0.15109405565633, 0.20109405565633
click-mouse, 0.15, 0.01, 0.1
move-cursor, 0.2, 0.335422177513511, 0.385422177513511
click-mouse, 0.15, 0.01, 0.1
move-cursor, 0.2, 0.181708597149294, 0.231708597149294
click-mouse, 0.15, 0.01, 0.1
move-cursor, 0.2, 0.163455870494653, 0.213455870494653
click-mouse, 0.15, 0.01, 0.1
move-cursor, 0.2, 0.26436932921742, 0.31436932921742
click-mouse, 0.15, 0.01, 0.1
move-cursor, 0.2, 0.262529413057635, 0.312529413057635
click-mouse, 0.15, 0.01, 0.1
move-cursor, 0.2, 0.284452740729501, 0.334452740729501
click-mouse, 0.15, 0.01, 0.1
move-cursor, 0.2, 0.110651403202382, 0.160651403202382
click-mouse, 0.15, 0.01, 0.1
move-cursor, 0.2, 0.175654624421616, 0.225654624421616
click-mouse, 0.15, 0.01, 0.1
move-cursor, 0.2, 0.18026942136939, 0.23026942136939
click-mouse, 0.15, 0.01, 0.1
move-cursor, 0.2, 0.262494613577676, 0.312494613577676
click-mouse, 0.15, 0.01, 0.1
move-cursor, 0.2, 0.392284346525721, 0.442284346525721
click-mouse, 0.15, 0.01, 0.1
move-cursor, 0.2, 0.301521759003283, 0.351521759003283
click-mouse, 0.15, 0.01, 0.1
move-cursor, 0.2, 0.211548926786653, 0.261548926786653
click-mouse, 0.15, 0.01, 0.1
move-cursor, 0.2, 0.246660654507486, 0.296660654507486
click-mouse, 0.15, 0.01, 0.1
move-cursor, 0.2, 0.304718181324078, 0.354718181324078
click-mouse, 0.15, 0.01, 0.1
move-cursor, 0.2, 0.194010881095199, 0.244010881095199
click-mouse, 0.15, 0.01, 0.1
move-cursor, 0.2, 0.127141054847118, 0.177141054847118
click-mouse, 0.15, 0.01, 0.1
move-cursor, 0.2, 0.2693559107522, 0.3193559107522
click-mouse, 0.15, 0.01, 0.1
move-cursor, 0.2, 0.096584220576562, 0.146584220576562
click-mouse, 0.15, 0.01, 0.1
move-cursor, 0.2, 0.103433531829397, 0.153433531829397
click-mouse, 0.15, 0.01, 0.1
move-cursor, 0.2, 0.214371654602275, 0.264371654602275
click-mouse, 0.15, 0.01, 0.1
move-cursor, 0.2, 0.132363820223879, 0.182363820223879
click-mouse, 0.15, 0.01, 0.1
move-cursor, 0.2, 0.153805280308965, 0.203805280308965
click-mouse, 0.15, 0.01, 0.1
move-cursor, 0.2, 0.217086509956828, 0.267086509956828
click-mouse, 0.15, 0.01, 0.1
move-cursor, 0.2, 0.219606173602567, 0.269606173602567
click-mouse, 0.15, 0.01, 0.1
move-cursor, 0.2, 0.207452194913599, 0.257452194913599
click-mouse, 0.15, 0.01, 0.1
move-cursor, 0.2, 0.151866639578215, 0.201866639578215
click-mouse, 0.15, 0.01, 0.1
move-cursor, 0.2, 0.110596275751667, 0.160596275751667
click-mouse, 0.15, 0.01, 0.1
move-cursor, 0.2, 0.158197804969454, 0.208197804969454
click-mouse, 0.15, 0.01, 0.1
move-cursor, 0.2, 0.365382093186558, 0.415382093186558
click-mouse, 0.15, 0.01, 0.1
move-cursor, 0.2, 0.190183556611604, 0.240183556611604
click-mouse, 0.15, 0.01, 0.1
move-cursor, 0.2, 0.19311316527596, 0.24311316527596
click-mouse, 0.15, 0.01, 0.1
move-cursor, 0.2, 0.14802987434757, 0.19802987434757
click-mouse, 0.15, 0.01, 0.1
move-cursor, 0.2, 0.24386205018786, 0.29386205018786
click-mouse, 0.15, 0.01, 0.1
move-cursor, 0.2, 0.0805588449262246, 0.130558844926225
click-mouse, 0.15, 0.01, 0.1
move-cursor, 0.2, 0.212747267374944, 0.262747267374944
click-mouse, 0.15, 0.01, 0.1
move-cursor, 0.2, 0.204266299147468, 0.254266299147468
click-mouse, 0.15, 0.01, 0.1
move-cursor, 0.2, 0.262227061553121, 0.312227061553121
click-mouse, 0.15, 0.01, 0.1
move-cursor, 0.2, 0.260860229689735, 0.310860229689735
click-mouse, 0.15, 0.01, 0.1
move-cursor, 0.2, 0.155805735079538, 0.205805735079538
click-mouse, 0.15, 0.01, 0.1
move-cursor, 0.2, 0.174220622014493, 0.224220622014493
click-mouse, 0.15, 0.01, 0.1
move-cursor, 0.2, 0.321882527457279, 0.371882527457279
click-mouse, 0.15, 0.01, 0.1
move-cursor, 0.2, 0.342041000823875, 0.392041000823875
click-mouse, 0.15, 0.01, 0.1
move-cursor, 0.2, 0.300453445648899, 0.350453445648899
click-mouse, 0.15, 0.01, 0.1
move-cursor, 0.2, 0.115775375118281, 0.165775375118281
click-mouse, 0.15, 0.01, 0.1
move-cursor, 0.2, 0.213803287821272, 0.263803287821272
click-mouse, 0.15, 0.01, 0.1
move-cursor, 0.2, 0.308924036831181, 0.358924036831181
click-mouse, 0.15, 0.01, 0.1
move-cursor, 0.2, 0.229241966706144, 0.279241966706144
click-mouse, 0.15, 0.01, 0.1
move-cursor, 0.2, 0.313620115709612, 0.363620115709612
click-mouse, 0.15, 0.01, 0.1
move-cursor, 0.2, 0.322766790555564, 0.372766790555564
click-mouse, 0.15, 0.01, 0.1
move-cursor, 0.2, 0.192624111073224, 0.242624111073224
click-mouse, 0.15, 0.01, 0.1
move-cursor, 0.2, 0.229283131493665, 0.279283131493665
click-mouse, 0.15, 0.01, 0.1
move-cursor, 0.2, 0.0814080178020967, 0.131408017802097
click-mouse, 0.15, 0.01, 0.1
move-cursor, 0.2, 0.210014628498563, 0.260014628498563
click-mouse, 0.15, 0.01, 0.1
move-cursor, 0.2, 0.3500749848231, 0.4000749848231
click-mouse, 0.15, 0.01, 0.1
move-cursor, 0.2, 0.147032060610615, 0.197032060610615
click-mouse, 0.15, 0.01, 0.1
move-cursor, 0.2, 0.316145770375968, 0.366145770375968
click-mouse, 0.15, 0.01, 0.1
move-cursor, 0.2, 0.274924470236256, 0.324924470236256
click-mouse, 0.15, 0.01, 0.1
move-cursor, 0.2, 0.320663312793021, 0.370663312793021
click-mouse, 0.15, 0.01, 0.1
move-cursor, 0.2, 0.225846977395968, 0.275846977395968
click-mouse, 0.15, 0.01, 0.1
move-cursor, 0.2, 0.192182044544588, 0.242182044544588
click-mouse, 0.15, 0.01, 0.1
move-cursor, 0.2, 0.103396127367705, 0.153396127367705
click-mouse, 0.15, 0.01, 0.1
move-cursor, 0.2, 0.114032977796255, 0.164032977796255
click-mouse, 0.15, 0.01, 0.1
move-cursor, 0.2, 0.320019576675982, 0.370019576675982
click-mouse, 0.15, 0.01, 0.1
move-cursor, 0.2, 0.210119710480057, 0.260119710480057
click-mouse, 0.15, 0.01, 0.1
move-cursor, 0.2, 0.17023031484539, 0.22023031484539
click-mouse, 0.15, 0.01, 0.1
move-cursor, 0.2, 0.297733628114823, 0.347733628114823
click-mouse, 0.15, 0.01, 0.1
move-cursor, 0.2, 0.373900166440107, 0.423900166440107
click-mouse, 0.15, 0.01, 0.1
move-cursor, 0.2, 0.227260817358662, 0.277260817358662
click-mouse, 0.15, 0.01, 0.1
move-cursor, 0.2, 0.204002525029697, 0.254002525029697
click-mouse, 0.15, 0.01, 0.1
move-cursor, 0.2, 0.26249876523942, 0.31249876523942
click-mouse, 0.15, 0.01, 0.1
move-cursor, 0.2, 0.2381137790604, 0.2881137790604
click-mouse, 0.15, 0.01, 0.1
move-cursor, 0.2, 0.234341006439256, 0.284341006439256
click-mouse, 0.15, 0.01, 0.1
move-cursor, 0.2, 0.348641594529612, 0.398641594529612
click-mouse, 0.15, 0.01, 0.1
move-cursor, 0.2, 0.242981775017981, 0.292981775017981
click-mouse, 0.15, 0.01, 0.1
move-cursor, 0.2, 0.24931782374079, 0.29931782374079
click-mouse, 0.15, 0.01, 0.1
move-cursor, 0.2, 0.319175024324858, 0.369175024324858
click-mouse, 0.15, 0.01, 0.1
move-cursor, 0.2, 0.360200783872303, 0.410200783872303
click-mouse, 0.15, 0.01, 0.1
move-cursor, 0.2, 0.165364793527129, 0.215364793527129
click-mouse, 0.15, 0.01, 0.1
move-cursor, 0.2, 0.136912082490112, 0.186912082490112
click-mouse, 0.15, 0.01, 0.1
move-cursor, 0.2, 0.246734939501755, 0.296734939501755
click-mouse, 0.15, 0.01, 0.1
move-cursor, 0.2, 0.258593644187595, 0.308593644187595
click-mouse, 0.15, 0.01, 0.1
move-cursor, 0.2, 0.18550893836041, 0.23550893836041
click-mouse, 0.15, 0.01, 0.1
move-cursor, 0.2, 0.409857533069011, 0.459857533069011
click-mouse, 0.15, 0.01, 0.1
move-cursor, 0.2, 0.106859696645384, 0.156859696645384
click-mouse, 0.15, 0.01, 0.1
move-cursor, 0.2, 0.3147037201249, 0.3647037201249
click-mouse, 0.15, 0.01, 0.1
move-cursor, 0.2, 0.212964504687678, 0.262964504687678
click-mouse, 0.15, 0.01, 0.1
move-cursor, 0.2, 0.306237146390825, 0.356237146390825
click-mouse, 0.15, 0.01, 0.1
move-cursor, 0.2, 0.37779281336481, 0.42779281336481
click-mouse, 0.15, 0.01, 0.1
move-cursor, 0.2, 0.248751552744275, 0.298751552744275
click-mouse, 0.15, 0.01, 0.1
move-cursor, 0.2, 0.218331173059787, 0.268331173059787
click-mouse, 0.15, 0.01, 0.1
move-cursor, 0.2, 0.24789877735246, 0.29789877735246
click-mouse, 0.15, 0.01, 0.1
move-cursor, 0.2, 0.271369755543062, 0.321369755543062
click-mouse, 0.15, 0.01, 0.1
move-cursor, 0.2, 0.208256597160215, 0.258256597160215
click-mouse, 0.15, 0.01, 0.1
move-cursor, 0.2, 0.251861770131105, 0.301861770131105
click-mouse, 0.15, 0.01, 0.1
move-cursor, 0.2, 0.23485195114749, 0.28485195114749
click-mouse, 0.15, 0.01, 0.1
move-cursor, 0.2, 0.179985610259459, 0.229985610259459
click-mouse, 0.15, 0.01, 0.1
move-cursor, 0.2, 0.195035242415416, 0.245035242415416
click-mouse, 0.15, 0.01, 0.1
move-cursor, 0.2, 0.143958324806008, 0.193958324806008
click-mouse, 0.15, 0.01, 0.1
move-cursor, 0.2, 0.17326358869848, 0.22326358869848
click-mouse, 0.15, 0.01, 0.1
move-cursor, 0.2, 0.211091130846904, 0.261091130846904
click-mouse, 0.15, 0.01, 0.1
move-cursor, 0.2, 0.353502203409814, 0.403502203409814
click-mouse, 0.15, 0.01, 0.1
move-cursor, 0.2, 0.194771828887546, 0.244771828887546
click-mouse, 0.15, 0.01, 0.1
move-cursor, 0.2, 0.358506231401145, 0.408506231401145
click-mouse, 0.15, 0.01, 0.1
move-cursor, 0.2, 0.11584370470608, 0.16584370470608
click-mouse, 0.15, 0.01, 0.1
move-cursor, 0.2, 0.161707926811895, 0.211707926811895
click-mouse, 0.15, 0.01, 0.1
move-cursor, 0.2, 0.250898092356339, 0.300898092356339
click-mouse, 0.15, 0.01, 0.1
move-cursor, 0.2, 0.117244231747041, 0.167244231747041
click-mouse, 0.15, 0.01, 0.1
move-cursor, 0.2, 0.127719462221394, 0.177719462221394
click-mouse, 0.15, 0.01, 0.1
move-cursor, 0.2, 0.231709313988801, 0.281709313988801
click-mouse, 0.15, 0.01, 0.1
move-cursor, 0.2, 0.271059704237867, 0.321059704237867
click-mouse, 0.15, 0.01, 0.1
move-cursor, 0.2, 0.355240534066073, 0.405240534066073
click-mouse, 0.15, 0.01, 0.1
move-cursor, 0.2, 0.274701702313922, 0.324701702313922
click-mouse, 0.15, 0.01, 0.1
move-cursor, 0.2, 0.154191295443212, 0.204191295443212
click-mouse, 0.15, 0.01, 0.1
move-cursor, 0.2, 0.185755531196728, 0.235755531196728
click-mouse, 0.15, 0.01, 0.1
move-cursor, 0.2, 0.214088935084657, 0.264088935084657
click-mouse, 0.15, 0.01, 0.1
move-cursor, 0.2, 0.310425529729853, 0.360425529729853
click-mouse, 0.15, 0.01, 0.1
move-cursor, 0.2, 0.316418436370268, 0.366418436370268
click-mouse, 0.15, 0.01, 0.1
move-cursor, 0.2, 0.114492165061848, 0.164492165061848
click-mouse, 0.15, 0.01, 0.1
move-cursor, 0.2, 0.210357283259543, 0.260357283259543
click-mouse, 0.15, 0.01, 0.1
move-cursor, 0.2, 0.203854698823776, 0.253854698823776
click-mouse, 0.15, 0.01, 0.1
move-cursor, 0.2, 0.27894878396041, 0.32894878396041
click-mouse, 0.15, 0.01, 0.1
move-cursor, 0.2, 0.322173350393291, 0.372173350393291
click-mouse, 0.15, 0.01, 0.1
move-cursor, 0.2, 0.281786402939122, 0.331786402939122
click-mouse, 0.15, 0.01, 0.1
move-cursor, 0.2, 0.126366848019076, 0.176366848019076
click-mouse, 0.15, 0.01, 0.1
move-cursor, 0.2, 0.261546580393782, 0.311546580393782
click-mouse, 0.15, 0.01, 0.1
move-cursor, 0.2, 0.261118040297813, 0.311118040297813
click-mouse, 0.15, 0.01, 0.1
move-cursor, 0.2, 0.184079629779639, 0.234079629779639
click-mouse, 0.15, 0.01, 0.1
move-cursor, 0.2, 0.224155453593129, 0.274155453593129
click-mouse, 0.15, 0.01, 0.1
move-cursor, 0.2, 0.244037871781483, 0.294037871781483
click-mouse, 0.15, 0.01, 0.1
move-cursor, 0.2, 0.407830220737199, 0.457830220737199
click-mouse, 0.15, 0.01, 0.1
move-cursor, 0.2, 0.212990394634369, 0.262990394634369
click-mouse, 0.15, 0.01, 0.1
move-cursor, 0.2, 0.346881947097662, 0.396881947097662
click-mouse, 0.15, 0.01, 0.1
move-cursor, 0.2, 0.152907880287894, 0.202907880287894
click-mouse, 0.15, 0.01, 0.1
move-cursor, 0.2, 0.363080585571026, 0.413080585571026
click-mouse, 0.15, 0.01, 0.1
move-cursor, 0.2, 0.239093762813299, 0.289093762813299
click-mouse, 0.15, 0.01, 0.1
move-cursor, 0.2, 0.131334277286562, 0.181334277286562
click-mouse, 0.15, 0.01, 0.1
move-cursor, 0.2, 0.189244608870438, 0.239244608870438
click-mouse, 0.15, 0.01, 0.1
move-cursor, 0.2, 0.155763317086062, 0.205763317086062
click-mouse, 0.15, 0.01, 0.1
move-cursor, 0.2, 0.230907458532298, 0.280907458532298
click-mouse, 0.15, 0.01, 0.1
move-cursor, 0.2, 0.397960291023675, 0.447960291023675
click-mouse, 0.15, 0.01, 0.1
move-cursor, 0.2, 0.206142941094191, 0.256142941094191
click-mouse, 0.15, 0.01, 0.1
move-cursor, 0.2, 0.187802278155698, 0.237802278155698
click-mouse, 0.15, 0.01, 0.1
move-cursor, 0.2, 0.157885605337377, 0.207885605337377
click-mouse, 0.15, 0.01, 0.1
move-cursor, 0.2, 0.129652387627301, 0.179652387627301
click-mouse, 0.15, 0.01, 0.1
move-cursor, 0.2, 0.349984960768766, 0.399984960768766
click-mouse, 0.15, 0.01, 0.1
move-cursor, 0.2, 0.300216137114938, 0.350216137114938
click-mouse, 0.15, 0.01, 0.1
move-cursor, 0.2, 0.198912657438156, 0.248912657438156
click-mouse, 0.15, 0.01, 0.1
move-cursor, 0.2, 0.210844255529782, 0.260844255529782
click-mouse, 0.15, 0.01, 0.1
move-cursor, 0.2, 0.325255480967827, 0.375255480967827
click-mouse, 0.15, 0.01, 0.1
move-cursor, 0.2, 0.382746620084307, 0.432746620084307
click-mouse, 0.15, 0.01, 0.1
move-cursor, 0.2, 0.13737537363711, 0.18737537363711
click-mouse, 0.15, 0.01, 0.1
move-cursor, 0.2, 0.198844259201069, 0.248844259201069
click-mouse, 0.15, 0.01, 0.1
move-cursor, 0.2, 0.138987115047807, 0.188987115047807
click-mouse, 0.15, 0.01, 0.1
move-cursor, 0.2, 0.258244022499544, 0.308244022499544
click-mouse, 0.15, 0.01, 0.1
move-cursor, 0.2, 0.250565616206537, 0.300565616206537
click-mouse, 0.15, 0.01, 0.1
move-cursor, 0.2, 0.234899993246744, 0.284899993246744
click-mouse, 0.15, 0.01, 0.1
move-cursor, 0.2, 0.218638853308245, 0.268638853308245
click-mouse, 0.15, 0.01, 0.1
move-cursor, 0.2, 0.389693679940763, 0.439693679940763
click-mouse, 0.15, 0.01, 0.1
move-cursor, 0.2, 0.269122751818257, 0.319122751818257
click-mouse, 0.15, 0.01, 0.1
move-cursor, 0.2, 0.158515376095612, 0.208515376095612
click-mouse, 0.15, 0.01, 0.1
move-cursor, 0.2, 0.198539636019484, 0.248539636019484
click-mouse, 0.15, 0.01, 0.1
move-cursor, 0.2, 0.186780594293642, 0.236780594293642
click-mouse, 0.15, 0.01, 0.1
move-cursor, 0.2, 0.323974316263883, 0.373974316263883
click-mouse, 0.15, 0.01, 0.1
move-cursor, 0.2, 0.286368483392968, 0.336368483392968
click-mouse, 0.15, 0.01, 0.1
move-cursor, 0.2, 0.35360451150246, 0.40360451150246
click-mouse, 0.15, 0.01, 0.1
move-cursor, 0.2, 0.224883391458663, 0.274883391458663
click-mouse, 0.15, 0.01, 0.1
move-cursor, 0.2, 0.125150017639259, 0.175150017639259
click-mouse, 0.15, 0.01, 0.1
move-cursor, 0.2, 0.23059483796683, 0.28059483796683
click-mouse, 0.15, 0.01, 0.1
move-cursor, 0.2, 0.111391038637533, 0.161391038637533
click-mouse, 0.15, 0.01, 0.1
move-cursor, 0.2, 0.324372400493351, 0.374372400493351
click-mouse, 0.15, 0.01, 0.1
move-cursor, 0.2, 0.373865887192168, 0.423865887192168
click-mouse, 0.15, 0.01, 0.1
move-cursor, 0.2, 0.253286758546901, 0.303286758546901
click-mouse, 0.15, 0.01, 0.1
move-cursor, 0.2, 0.188420846650524, 0.238420846650524
click-mouse, 0.15, 0.01, 0.1
move-cursor, 0.2, 0.101440541208308, 0.151440541208308
click-mouse, 0.15, 0.01, 0.1
move-cursor, 0.2, 0.180297584772334, 0.230297584772334
click-mouse, 0.15, 0.01, 0.1
move-cursor, 0.2, 0.279674413257045, 0.329674413257045
click-mouse, 0.15, 0.01, 0.1
move-cursor, 0.2, 0.192729715462941, 0.242729715462941
click-mouse, 0.15, 0.01, 0.1
move-cursor, 0.2, 0.268734937751084, 0.318734937751084
click-mouse, 0.15, 0.01, 0.1
move-cursor, 0.2, 0.0722670529081329, 0.122267052908133
click-mouse, 0.15, 0.01, 0.1
move-cursor, 0.2, 0.137272785088149, 0.187272785088149
click-mouse, 0.15, 0.01, 0.1
move-cursor, 0.2, 0.277218884271353, 0.327218884271353
click-mouse, 0.15, 0.01, 0.1
move-cursor, 0.2, 0.2816320111787, 0.3316320111787
click-mouse, 0.15, 0.01, 0.1
move-cursor, 0.2, 0.320556764178881, 0.370556764178881
click-mouse, 0.15, 0.01, 0.1
move-cursor, 0.2, 0.172406668020417, 0.222406668020417
click-mouse, 0.15, 0.01, 0.1
move-cursor, 0.2, 0.134053810794712, 0.184053810794712
click-mouse, 0.15, 0.01, 0.1
move-cursor, 0.2, 0.190614844328104, 0.240614844328104
click-mouse, 0.15, 0.01, 0.1
move-cursor, 0.2, 0.32403366731153, 0.37403366731153
click-mouse, 0.15, 0.01, 0.1
move-cursor, 0.2, 0.296489543876266, 0.346489543876266
click-mouse, 0.15, 0.01, 0.1
move-cursor, 0.2, 0.46132760522436, 0.51132760522436
click-mouse, 0.15, 0.01, 0.1
move-cursor, 0.2, 0.406842589984903, 0.456842589984903
click-mouse, 0.15, 0.01, 0.1
move-cursor, 0.2, 0.17798830688981, 0.22798830688981
click-mouse, 0.15, 0.01, 0.1
move-cursor, 0.2, 0.261158498087039, 0.311158498087039
click-mouse, 0.15, 0.01, 0.1
move-cursor, 0.2, 0.142334499866341, 0.192334499866341
click-mouse, 0.15, 0.01, 0.1
move-cursor, 0.2, 0.184939836282073, 0.234939836282073
click-mouse, 0.15, 0.01, 0.1
move-cursor, 0.2, 0.249894287882922, 0.299894287882922
click-mouse, 0.15, 0.01, 0.1
move-cursor, 0.2, 0.300951357400362, 0.350951357400362
click-mouse, 0.15, 0.01, 0.1
